101 0
102 9
103 5
104 1
105 0
106 3
107 2
108 6
109 4
110 1
111 2
112 8
113 2
114 8
115 1
116 0
117 4
118 7
119 4
120 4
121 8
122 1
123 8
124 7
125 10
126 7
127 5
128 7
129 3
130 2
131 5
132 -1
133 8
134 10
135 0
136 10
137 8
138 9
139 3
140 1
141 2
142 2
143 7
144 4
145 3
146 7
147 5
148 9
149 1
150 5
151 6
152 5
153 0
154 0
155 3
156 7
157 8
158 0
159 8
160 1
161 10
162 9
163 6
164 10
165 3
166 6
167 3
168 4
169 3
170 2
171 6
172 4
173 3
174 3
175 5
176 5
177 10
178 0
179 5
180 9
181 7
182 0
183 8
184 4
185 8
186 4
187 10
188 7
189 4
190 3
191 7
192 4
193 6
