101 4
102 2
103 0
104 10
105 6
106 9
107 2
108 5
109 6
110 3
111 6
112 4
113 0
114 6
115 2
116 5
117 5
118 6
119 2
120 4
121 3
122 4
123 10
124 4
125 1
126 1
127 4
128 3
129 6
130 -1
131 2
132 3
133 3
134 0
135 5
136 3
137 9
138 3
139 -1
140 5
141 4
142 1
143 5
144 5
145 4
146 8
147 6
148 7
149 8
150 10
151 4
152 0
153 4
154 0
155 8
156 9
157 5
158 6
159 1
160 8
161 4
162 9
163 0
164 6
165 4
166 4
167 9
168 4
169 10
170 0
171 4
172 0
173 2
174 9
175 3
176 9
177 5
178 6
179 8
180 7
181 6
182 3
183 5
184 7
185 2
186 -1
187 3
188 4
189 6
190 4
191 4
192 4
193 2
