101 2
102 6
103 7
104 4
105 0
106 5
107 2
108 2
109 8
110 6
111 9
112 3
113 -1
114 2
115 9
116 4
117 4
118 7
119 3
120 4
121 3
122 2
123 10
124 7
125 1
126 6
127 7
128 0
129 3
130 0
131 5
132 1
133 3
134 1
135 2
136 3
137 9
138 6
139 9
140 6
141 0
142 9
143 6
144 2
145 6
146 7
147 6
148 5
149 0
150 7
151 7
152 10
153 5
154 9
155 2
156 8
157 4
158 10
159 7
160 3
161 6
162 8
163 4
164 3
165 6
166 3
167 6
168 3
169 10
170 2
171 6
172 9
173 1
174 5
175 9
176 10
177 4
178 5
179 10
180 8
181 5
182 -1
183 4
184 7
185 9
186 7
187 2
188 4
189 9
190 2
191 6
192 2
193 5
