301 1
302 6
303 6
304 2
305 1
306 1
307 6
308 1
309 2
310 0
311 9
312 3
313 9
314 10
315 2
316 0
317 10
318 2
319 -1
320 0
321 7
322 9
323 10
324 7
325 0
326 8
327 7
328 3
329 4
330 8
331 4
332 2
333 7
334 0
335 -1
336 5
337 0
338 5
339 5
340 8
341 3
342 10
343 0
344 3
345 6
346 5
347 1
348 3
349 10
350 0
351 0
352 6
353 3
354 8
355 8
356 7
357 8
358 7
359 7
360 7
361 8
362 8
363 4
364 9
365 3
366 5
367 0
368 0
369 3
370 -1
371 4
372 9
373 6
374 5
375 2
376 6
377 6
378 1
379 8
380 8
381 2
382 1
383 10
384 8
385 9
