301 6
302 0
303 0
304 5
305 7
306 7
307 8
308 4
309 4
310 0
311 2
312 2
313 9
314 3
315 1
316 4
317 3
318 4
319 4
320 1
321 7
322 2
323 2
324 4
325 8
326 6
327 2
328 3
329 8
330 3
331 9
332 10
333 1
334 6
335 1
336 7
337 1
338 1
339 1
340 6
341 10
342 8
343 5
344 0
345 0
346 4
347 3
348 6
349 10
350 10
351 3
352 10
353 2
354 2
355 8
356 4
357 2
358 8
359 6
360 5
361 4
362 8
363 2
364 5
365 3
366 5
367 9
368 6
369 1
370 6
371 6
372 2
373 4
374 8
375 6
376 10
377 1
378 4
379 5
380 7
381 0
382 9
383 1
384 6
385 -1
