401 1
402 7
403 6
404 9
405 9
406 10
407 9
408 3
409 5
410 1
411 10
412 4
413 4
414 6
415 9
416 1
417 1
418 4
419 1
420 3
421 0
422 4
423 10
424 10
425 5
426 4
427 7
428 1
429 6
430 9
431 4
432 5
433 8
434 2
435 4
436 3
437 1
438 5
439 2
440 4
441 10
442 3
443 5
444 3
445 5
446 3
447 4
448 3
449 3
450 2
451 9
452 9
453 4
454 3
455 0
456 8
457 2
458 8
459 3
460 0
461 1
462 1
463 2
464 9
465 5
466 3
467 2
468 1
469 5
470 3
471 6
472 7
473 4
474 1
475 0
476 0
477 4
478 0
479 2
480 6
481 1
482 1
483 7
484 3
485 6
486 -1
487 10
488 4
489 5
