401 8
402 0
403 0
404 8
405 0
406 3
407 2
408 10
409 6
410 1
411 2
412 1
413 2
414 6
415 10
416 2
417 4
418 10
419 6
420 6
421 8
422 10
423 10
424 7
425 2
426 4
427 10
428 5
429 0
430 4
431 2
432 4
433 4
434 0
435 10
436 7
437 1
438 7
439 2
440 8
441 0
442 5
443 10
444 1
445 10
446 6
447 4
448 8
449 1
450 10
451 10
452 10
453 -1
454 1
455 9
456 0
457 10
458 6
459 7
460 1
461 10
462 1
463 2
464 10
465 9
466 8
467 4
468 9
469 0
470 0
471 4
472 2
473 6
474 8
475 8
476 6
477 9
478 3
479 9
480 0
481 7
482 6
483 6
484 0
485 5
486 1
487 8
488 1
489 3
