401 1
402 3
403 6
404 4
405 7
406 7
407 7
408 2
409 4
410 9
411 9
412 5
413 8
414 8
415 10
416 1
417 10
418 9
419 0
420 4
421 5
422 5
423 4
424 8
425 0
426 0
427 7
428 4
429 1
430 -1
431 10
432 8
433 7
434 10
435 10
436 6
437 2
438 10
439 6
440 8
441 0
442 6
443 2
444 6
445 6
446 6
447 6
448 6
449 5
450 6
451 5
452 2
453 2
454 0
455 8
456 2
457 1
458 4
459 4
460 0
461 10
462 -1
463 8
464 7
465 8
466 5
467 2
468 6
469 2
470 3
471 7
472 9
473 7
474 5
475 7
476 9
477 5
478 1
479 3
480 0
481 5
482 9
483 1
484 7
485 8
486 8
487 4
488 9
489 7
