101 2
102 5
103 1
104 3
105 8
106 6
107 1
108 7
109 0
110 2
111 0
112 6
113 0
114 6
115 6
116 4
117 9
118 7
119 5
120 2
121 4
122 4
123 9
124 3
125 5
126 3
127 7
128 10
129 2
130 1
131 0
132 9
133 2
134 6
135 10
136 0
137 10
138 -1
139 7
140 9
141 7
142 10
143 8
144 6
145 0
146 0
147 0
148 8
149 6
150 7
151 2
152 0
153 1
154 8
155 6
156 2
157 7
158 8
159 9
160 7
161 1
162 5
163 0
164 1
165 -1
166 0
167 7
168 9
169 8
170 6
171 6
172 0
173 5
174 3
175 4
176 9
177 5
178 0
179 3
180 5
181 7
182 10
183 5
184 1
185 9
186 7
187 1
188 2
189 -1
190 6
191 6
192 10
193 9
