101 10
102 3
103 5
104 8
105 6
106 5
107 1
108 1
109 9
110 8
111 10
112 3
113 1
114 5
115 7
116 7
117 10
118 3
119 4
120 1
121 8
122 8
123 9
124 10
125 0
126 -1
127 4
128 10
129 6
130 7
131 9
132 10
133 1
134 3
135 -1
136 0
137 8
138 0
139 1
140 3
141 8
142 7
143 3
144 6
145 8
146 -1
147 3
148 0
149 5
150 4
151 9
152 6
153 6
154 6
155 2
156 5
157 1
158 10
159 2
160 10
161 7
162 9
163 6
164 4
165 7
166 6
167 1
168 5
169 10
170 7
171 2
172 0
173 9
174 0
175 5
176 10
177 3
178 7
179 6
180 4
181 2
182 0
183 5
184 10
185 7
186 2
187 5
188 6
189 2
190 8
191 2
192 9
193 8
