101 5
102 4
103 9
104 10
105 0
106 10
107 10
108 10
109 7
110 9
111 -1
112 7
113 6
114 7
115 9
116 2
117 3
118 8
119 0
120 8
121 10
122 4
123 5
124 0
125 7
126 1
127 10
128 6
129 3
130 9
131 6
132 3
133 0
134 8
135 9
136 10
137 8
138 9
139 8
140 4
141 3
142 6
143 5
144 8
145 0
146 0
147 5
148 7
149 4
150 7
151 3
152 5
153 7
154 2
155 4
156 0
157 2
158 3
159 8
160 9
161 2
162 5
163 3
164 5
165 2
166 5
167 1
168 3
169 10
170 4
171 8
172 9
173 9
174 3
175 10
176 5
177 3
178 1
179 0
180 9
181 -1
182 10
183 6
184 3
185 7
186 4
187 9
188 0
189 0
190 2
191 6
192 5
193 3
