101 9
102 1
103 6
104 7
105 -1
106 9
107 10
108 1
109 3
110 1
111 0
112 3
113 3
114 1
115 9
116 7
117 -1
118 8
119 6
120 0
121 1
122 1
123 1
124 1
125 2
126 3
127 10
128 10
129 5
130 2
131 10
132 5
133 7
134 8
135 5
136 5
137 9
138 1
139 5
140 6
141 10
142 10
143 3
144 4
145 7
146 7
147 7
148 1
149 3
150 5
151 8
152 2
153 8
154 7
155 2
156 3
157 7
158 7
159 10
160 3
161 1
162 9
163 2
164 4
165 5
166 10
167 0
168 4
169 9
170 7
171 3
172 7
173 7
174 4
175 5
176 7
177 10
178 4
179 7
180 0
181 7
182 10
183 9
184 9
185 6
186 3
187 6
188 4
189 2
190 9
191 0
192 1
193 5
