301 10
302 1
303 2
304 5
305 9
306 6
307 10
308 4
309 1
310 9
311 7
312 9
313 1
314 2
315 1
316 8
317 5
318 6
319 1
320 5
321 8
322 7
323 7
324 6
325 0
326 4
327 8
328 8
329 3
330 1
331 9
332 0
333 0
334 8
335 6
336 8
337 10
338 5
339 9
340 1
341 2
342 7
343 3
344 4
345 5
346 5
347 4
348 3
349 5
350 2
351 5
352 4
353 2
354 5
355 10
356 7
357 1
358 4
359 6
360 7
361 8
362 2
363 10
364 3
365 8
366 3
367 5
368 10
369 6
370 0
371 1
372 1
373 3
374 8
375 6
376 9
377 2
378 9
379 0
380 9
381 5
382 2
383 9
384 0
385 1
