301 10
302 7
303 8
304 0
305 4
306 9
307 3
308 -1
309 7
310 3
311 0
312 10
313 5
314 3
315 3
316 -1
317 6
318 8
319 1
320 7
321 1
322 0
323 0
324 -1
325 0
326 6
327 10
328 10
329 1
330 9
331 2
332 2
333 1
334 2
335 10
336 4
337 1
338 4
339 6
340 0
341 0
342 7
343 1
344 1
345 2
346 10
347 3
348 6
349 1
350 4
351 10
352 5
353 7
354 2
355 5
356 10
357 9
358 0
359 5
360 5
361 9
362 7
363 4
364 0
365 6
366 5
367 4
368 8
369 5
370 4
371 5
372 2
373 8
374 3
375 4
376 10
377 2
378 8
379 0
380 6
381 1
382 6
383 1
384 3
385 0
