301 9
302 7
303 -1
304 6
305 6
306 4
307 2
308 2
309 2
310 0
311 -1
312 9
313 5
314 5
315 4
316 2
317 5
318 4
319 5
320 3
321 9
322 7
323 4
324 7
325 3
326 1
327 4
328 10
329 6
330 9
331 3
332 9
333 3
334 6
335 1
336 6
337 7
338 4
339 1
340 1
341 9
342 3
343 9
344 7
345 9
346 0
347 8
348 6
349 0
350 2
351 6
352 5
353 2
354 6
355 3
356 9
357 5
358 4
359 3
360 3
361 2
362 2
363 5
364 2
365 5
366 7
367 1
368 9
369 5
370 6
371 6
372 3
373 0
374 3
375 1
376 2
377 1
378 1
379 2
380 5
381 10
382 2
383 4
384 6
385 7
