301 3
302 7
303 4
304 7
305 10
306 1
307 2
308 4
309 3
310 3
311 9
312 5
313 8
314 -1
315 7
316 9
317 2
318 5
319 8
320 4
321 5
322 10
323 4
324 10
325 9
326 9
327 4
328 2
329 9
330 6
331 7
332 3
333 9
334 9
335 10
336 7
337 7
338 10
339 10
340 3
341 2
342 7
343 10
344 7
345 2
346 4
347 1
348 1
349 10
350 4
351 2
352 10
353 7
354 8
355 7
356 10
357 0
358 5
359 8
360 7
361 9
362 3
363 1
364 6
365 10
366 9
367 3
368 6
369 8
370 4
371 4
372 3
373 10
374 0
375 10
376 8
377 9
378 3
379 7
380 6
381 0
382 0
383 9
384 4
385 6
