401 2
402 8
403 10
404 10
405 4
406 0
407 7
408 7
409 0
410 0
411 3
412 0
413 5
414 0
415 -1
416 5
417 6
418 1
419 9
420 1
421 6
422 1
423 8
424 6
425 10
426 10
427 3
428 10
429 2
430 3
431 1
432 6
433 0
434 7
435 2
436 3
437 3
438 9
439 4
440 7
441 0
442 5
443 5
444 3
445 0
446 9
447 2
448 3
449 1
450 9
451 5
452 2
453 10
454 9
455 6
456 10
457 1
458 3
459 8
460 3
461 1
462 3
463 4
464 3
465 3
466 9
467 0
468 4
469 7
470 0
471 7
472 4
473 0
474 1
475 8
476 4
477 6
478 4
479 9
480 1
481 9
482 5
483 0
484 9
485 0
486 8
487 8
488 10
489 1
