101 8
102 5
103 5
104 8
105 0
106 3
107 3
108 9
109 7
110 2
111 6
112 10
113 5
114 8
115 8
116 10
117 0
118 1
119 -1
120 1
121 7
122 2
123 9
124 5
125 7
126 8
127 4
128 0
129 4
130 3
131 2
132 8
133 6
134 5
135 10
136 0
137 1
138 10
139 0
140 9
141 6
142 6
143 1
144 4
145 9
146 0
147 9
148 4
149 3
150 1
151 6
152 6
153 4
154 4
155 4
156 7
157 8
158 3
159 6
160 1
161 3
162 10
163 6
164 5
165 3
166 10
167 4
168 1
169 -1
170 1
171 10
172 1
173 1
174 2
175 3
176 2
177 1
178 0
179 0
180 0
181 5
182 6
183 10
184 8
185 5
186 1
187 4
188 0
189 1
190 -1
191 0
192 4
193 9