301 10
302 9
303 7
304 3
305 5
306 1
307 2
308 0
309 7
310 8
311 0
312 4
313 8
314 4
315 8
316 0
317 1
318 5
319 8
320 1
321 8
322 5
323 5
324 9
325 9
326 0
327 0
328 7
329 3
330 10
331 1
332 5
333 1
334 9
335 9
336 2
337 4
338 5
339 1
340 1
341 10
342 0
343 7
344 0
345 3
346 0
347 7
348 3
349 3
350 3
351 8
352 4
353 9
354 5
355 9
356 4
357 8
358 4
359 7
360 6
361 5
362 3
363 3
364 10
365 1
366 10
367 0
368 4
369 3
370 6
371 1
372 5
373 1
374 10
375 9
376 7
377 5
378 5
379 3
380 4
381 10
382 0
383 8
384 1
385 0