301 6
302 10
303 8
304 3
305 2
306 1
307 4
308 6
309 5
310 9
311 3
312 6
313 1
314 2
315 3
316 0
317 7
318 0
319 6
320 3
321 3
322 4
323 2
324 10
325 7
326 5
327 0
328 4
329 2
330 -1
331 7
332 6
333 0
334 3
335 2
336 9
337 8
338 2
339 3
340 10
341 4
342 6
343 9
344 1
345 9
346 0
347 7
348 6
349 6
350 0
351 5
352 6
353 4
354 9
355 -1
356 3
357 5
358 8
359 0
360 3
361 2
362 7
363 0
364 0
365 10
366 9
367 8
368 7
369 3
370 5
371 6
372 8
373 10
374 0
375 7
376 5
377 9
378 3
379 0
380 8
381 1
382 1
383 5
384 10
385 1