401 5
402 2
403 7
404 10
405 4
406 10
407 4
408 -1
409 1
410 4
411 9
412 7
413 8
414 2
415 4
416 3
417 8
418 7
419 9
420 2
421 1
422 5
423 1
424 5
425 2
426 9
427 4
428 8
429 10
430 9
431 9
432 9
433 10
434 4
435 6
436 8
437 10
438 2
439 8
440 9
441 4
442 5
443 7
444 3
445 4
446 5
447 6
448 2
449 5
450 6
451 4
452 9
453 6
454 0
455 5
456 1
457 8
458 1
459 9
460 6
461 9
462 8
463 8
464 8
465 5
466 10
467 7
468 10
469 9
470 0
471 8
472 1
473 4
474 5
475 10
476 10
477 5
478 4
479 10
480 8
481 0
482 2
483 3
484 10
485 3
486 3
487 6
488 2
489 0