401 8
402 4
403 6
404 8
405 1
406 7
407 8
408 7
409 0
410 10
411 7
412 2
413 3
414 5
415 0
416 5
417 9
418 9
419 6
420 6
421 9
422 -1
423 6
424 7
425 8
426 5
427 4
428 9
429 1
430 5
431 2
432 4
433 9
434 2
435 2
436 1
437 7
438 10
439 8
440 5
441 1
442 9
443 2
444 7
445 4
446 4
447 0
448 1
449 10
450 5
451 2
452 3
453 6
454 2
455 1
456 6
457 4
458 9
459 9
460 7
461 10
462 1
463 0
464 1
465 0
466 10
467 3
468 3
469 8
470 5
471 3
472 8
473 8
474 8
475 7
476 0
477 7
478 4
479 1
480 5
481 4
482 6
483 8
484 4
485 6
486 -1
487 8
488 0
489 10