401 4
402 5
403 0
404 4
405 5
406 8
407 2
408 7
409 10
410 6
411 8
412 3
413 4
414 5
415 10
416 -1
417 3
418 8
419 4
420 10
421 1
422 7
423 10
424 2
425 3
426 2
427 8
428 4
429 2
430 5
431 1
432 5
433 3
434 10
435 7
436 8
437 3
438 4
439 5
440 5
441 2
442 10
443 3
444 7
445 6
446 8
447 7
448 3
449 4
450 7
451 2
452 8
453 3
454 5
455 6
456 2
457 5
458 5
459 9
460 7
461 8
462 -1
463 10
464 10
465 6
466 7
467 0
468 9
469 4
470 7
471 4
472 3
473 2
474 8
475 0
476 4
477 0
478 3
479 5
480 0
481 3
482 10
483 6
484 2
485 3
486 5
487 6
488 10
489 4