101 3
102 3
103 5
104 4
105 3
106 0
107 4
108 9
109 6
110 8
111 1
112 8
113 10
114 7
115 10
116 7
117 8
118 0
119 5
120 4
121 1
122 4
123 2
124 -1
125 10
126 9
127 2
128 8
129 8
130 4
131 5
132 0
133 4
134 4
135 7
136 8
137 7
138 5
139 4
140 0
141 1
142 6
143 1
144 6
145 10
146 5
147 10
148 8
149 5
150 7
151 2
152 3
153 3
154 8
155 9
156 9
157 6
158 8
159 9
160 9
161 6
162 3
163 4
164 -1
165 7
166 7
167 3
168 9
169 7
170 9
171 6
172 4
173 10
174 9
175 7
176 2
177 0
178 2
179 1
180 6
181 7
182 10
183 0
184 7
185 1
186 6
187 4
188 10
189 2
190 3
191 6
192 8
193 10