301 10
302 4
303 2
304 6
305 2
306 7
307 9
308 1
309 6
310 10
311 5
312 3
313 5
314 8
315 2
316 9
317 6
318 0
319 3
320 -1
321 9
322 10
323 6
324 5
325 10
326 7
327 0
328 5
329 3
330 2
331 5
332 5
333 0
334 0
335 5
336 10
337 7
338 10
339 3
340 6
341 9
342 5
343 2
344 7
345 1
346 5
347 8
348 5
349 9
350 9
351 5
352 6
353 7
354 10
355 0
356 3
357 1
358 8
359 9
360 6
361 10
362 0
363 1
364 4
365 4
366 9
367 8
368 7
369 7
370 0
371 8
372 9
373 10
374 0
375 4
376 4
377 1
378 2
379 10
380 4
381 4
382 5
383 2
384 0
385 9