401 4
402 8
403 9
404 0
405 4
406 4
407 3
408 2
409 8
410 2
411 7
412 10
413 -1
414 9
415 2
416 2
417 3
418 6
419 8
420 9
421 7
422 4
423 -1
424 2
425 3
426 3
427 8
428 5
429 1
430 10
431 4
432 5
433 4
434 2
435 0
436 1
437 5
438 7
439 4
440 0
441 8
442 10
443 3
444 4
445 0
446 3
447 9
448 4
449 6
450 3
451 6
452 9
453 6
454 1
455 8
456 5
457 10
458 2
459 8
460 10
461 4
462 8
463 9
464 8
465 3
466 9
467 6
468 3
469 7
470 5
471 6
472 8
473 8
474 1
475 3
476 2
477 1
478 8
479 9
480 3
481 0
482 10
483 1
484 0
485 2
486 4
487 4
488 7
489 3