101 0
102 10
103 1
104 9
105 8
106 4
107 3
108 9
109 5
110 6
111 2
112 6
113 6
114 1
115 0
116 5
117 6
118 0
119 9
120 10
121 3
122 5
123 0
124 8
125 9
126 0
127 6
128 7
129 6
130 0
131 6
132 6
133 8
134 6
135 6
136 7
137 10
138 7
139 3
140 3
141 5
142 7
143 4
144 9
145 10
146 7
147 0
148 10
149 2
150 1
151 7
152 0
153 0
154 1
155 10
156 4
157 8
158 8
159 8
160 4
161 0
162 6
163 3
164 9
165 7
166 9
167 5
168 7
169 5
170 8
171 2
172 6
173 3
174 5
175 7
176 8
177 10
178 2
179 0
180 0
181 2
182 10
183 2
184 5
185 7
186 4
187 4
188 2
189 8
190 4
191 2
192 6
193 0