137 79
162 73
301 73
466 72
411 71
572 71
366 70
452 69
159 68
442 68
464 68
555 68
176 67
269 67
336 67
418 67
459 67
524 67
368 66
354 65
553 65
104 64
142 64
321 64
356 64
438 64
123 63
158 63
244 63
257 63
342 63
361 63
432 63
461 63
505 63
568 63
571 63
202 62
217 62
250 62
349 62
479 62
503 62
115 61
128 61
184 61
185 61
201 61
210 61
271 61
302 61
359 61
376 61
406 61
450 61
451 61
543 61
166 60
251 60
256 60
258 60
403 60
471 60
108 59
127 59
148 59
322 59
328 59
373 59
465 59
482 59
518 59
112 58
175 58
223 58
230 58
365 58
404 58
427 58
433 58
145 57
193 57
231 57
253 57
313 57
380 57
419 57
157 56
252 56
270 56
352 56
375 56
487 56
517 56
527 56
564 56
109 55
160 55
224 55
234 55
273 55
338 55
414 55
440 55
446 55
538 55
548 55
569 55
106 54
144 54
150 54
151 54
156 54
183 54
208 54
214 54
305 54
343 54
383 54
424 54
463 54
468 54
558 54
171 53
192 53
221 53
267 53
504 53
510 53
525 53
562 53
578 53
125 52
275 52
312 52
326 52
358 52
420 52
443 52
469 52
557 52
566 52
574 52
114 51
116 51
134 51
147 51
177 51
211 51
216 51
233 51
246 51
249 51
274 51
337 51
351 51
371 51
428 51
460 51
546 51
131 50
155 50
173 50
307 50
334 50
347 50
362 50
369 50
401 50
434 50
473 50
488 50
550 50
559 50
579 50
168 49
239 49
277 49
317 49
323 49
332 49
341 49
360 49
435 49
457 49
475 49
511 49
526 49
573 49
102 48
121 48
180 48
187 48
205 48
241 48
242 48
325 48
357 48
421 48
426 48
455 48
472 48
474 48
542 48
575 48
118 47
206 47
247 47
248 47
272 47
331 47
339 47
348 47
407 47
409 47
417 47
431 47
436 47
477 47
513 47
563 47
110 46
129 46
136 46
140 46
141 46
170 46
225 46
237 46
245 46
516 46
552 46
581 46
154 45
263 45
268 45
364 45
374 45
378 45
384 45
402 45
444 45
458 45
522 45
529 45
536 45
103 44
304 44
353 44
447 44
485 44
508 44
537 44
544 44
565 44
101 43
143 43
174 43
318 43
367 43
372 43
410 43
445 43
483 43
506 43
520 43
133 42
310 42
329 42
350 42
405 42
449 42
478 42
539 42
549 42
222 41
238 41
240 41
309 41
327 41
480 41
489 41
514 41
161 40
172 40
179 40
412 40
476 40
167 39
188 39
191 39
203 39
207 39
219 39
306 39
345 39
456 39
481 39
545 39
107 38
120 38
153 38
220 38
344 38
377 38
437 38
467 38
484 38
502 38
540 38
547 38
149 37
152 37
229 37
265 37
425 37
429 37
260 36
340 36
509 36
122 35
279 35
363 35
379 35
441 35
521 35
535 35
560 35
163 34
213 34
262 34
381 34
501 34
541 34
346 33
382 33
204 32
226 32
315 32
333 31
448 31
470 31
534 30
243 28
178 27
454 27
577 26
507 25
280 22
Disqualified:
512
385
130
259
515
132
261
135
519
264
138
266
139
523
528
146
530
531
276
532
533
278
408
413
415
416
164
165
422
423
551
169
554
556
430
303
561
308
181
182
311
439
567
186
314
570
316
189
190
319
320
576
324
580
453
330
462
335
209
212
215
218
227
355
228
486
232
105
235
236
111
113
370
117
119
124
126
254
255
137 79
162 73
301 73
466 72
411 71
572 71
366 70
452 69
159 68
442 68
464 68
555 68
176 67
269 67
336 67
418 67
459 67
524 67
368 66
354 65
553 65
104 64
142 64
321 64
356 64
438 64
123 63
158 63
244 63
257 63
342 63
361 63
432 63
461 63
505 63
568 63
571 63
202 62
217 62
250 62
349 62
479 62
503 62
115 61
128 61
184 61
185 61
201 61
210 61
271 61
302 61
359 61
376 61
406 61
450 61
451 61
543 61
166 60
251 60
256 60
258 60
403 60
471 60
108 59
127 59
148 59
322 59
328 59
373 59
465 59
482 59
518 59
112 58
175 58
223 58
230 58
365 58
404 58
427 58
433 58
145 57
193 57
231 57
253 57
313 57
380 57
419 57
157 56
252 56
270 56
352 56
375 56
487 56
517 56
527 56
564 56
109 55
160 55
224 55
234 55
273 55
338 55
414 55
440 55
446 55
538 55
548 55
569 55
106 54
144 54
150 54
151 54
156 54
183 54
208 54
214 54
305 54
343 54
383 54
424 54
463 54
468 54
558 54
171 53
192 53
221 53
267 53
504 53
510 53
525 53
562 53
578 53
125 52
275 52
312 52
326 52
358 52
420 52
443 52
469 52
557 52
566 52
574 52
114 51
116 51
134 51
147 51
177 51
211 51
216 51
233 51
246 51
249 51
274 51
337 51
351 51
371 51
428 51
460 51
546 51
131 50
155 50
173 50
307 50
334 50
347 50
362 50
369 50
401 50
434 50
473 50
488 50
550 50
559 50
579 50
168 49
239 49
277 49
317 49
323 49
332 49
341 49
360 49
435 49
457 49
475 49
511 49
526 49
573 49
102 48
121 48
180 48
187 48
205 48
241 48
242 48
325 48
357 48
421 48
426 48
455 48
472 48
474 48
542 48
575 48
118 47
206 47
247 47
248 47
272 47
331 47
339 47
348 47
407 47
409 47
417 47
431 47
436 47
477 47
513 47
563 47
110 46
129 46
136 46
140 46
141 46
170 46
225 46
237 46
245 46
516 46
552 46
581 46
154 45
263 45
268 45
364 45
374 45
378 45
384 45
402 45
444 45
458 45
522 45
529 45
536 45
103 44
304 44
353 44
447 44
485 44
508 44
537 44
544 44
565 44
101 43
143 43
174 43
318 43
367 43
372 43
410 43
445 43
483 43
506 43
520 43
133 42
310 42
329 42
350 42
405 42
449 42
478 42
539 42
549 42
222 41
238 41
240 41
309 41
327 41
480 41
489 41
514 41
161 40
172 40
179 40
412 40
476 40
167 39
188 39
191 39
203 39
207 39
219 39
306 39
345 39
456 39
481 39
545 39
107 38
120 38
153 38
220 38
344 38
377 38
437 38
467 38
484 38
502 38
540 38
547 38
149 37
152 37
229 37
265 37
425 37
429 37
260 36
340 36
509 36
122 35
279 35
363 35
379 35
441 35
521 35
535 35
560 35
163 34
213 34
262 34
381 34
501 34
541 34
346 33
382 33
204 32
226 32
315 32
333 31
448 31
470 31
534 30
243 28
178 27
454 27
577 26
507 25
280 22
Disqualified:
512
385
130
259
515
132
261
135
519
264
138
266
139
523
528
146
530
531
276
532
533
278
408
413
415
416
164
165
422
423
551
169
554
556
430
303
561
308
181
182
311
439
567
186
314
570
316
189
190
319
320
576
324
580
453
330
462
335
209
212
215
218
227
355
228
486
232
105
235
236
111
113
370
117
119
124
126
254
255
137 79
162 73
301 73
466 72
411 71
572 71
366 70
452 69
159 68
442 68
464 68
555 68
176 67
269 67
336 67
418 67
459 67
524 67
368 66
354 65
553 65
104 64
142 64
321 64
356 64
438 64
123 63
158 63
244 63
257 63
342 63
361 63
432 63
461 63
505 63
568 63
571 63
202 62
217 62
250 62
349 62
479 62
503 62
115 61
128 61
184 61
185 61
201 61
210 61
271 61
302 61
359 61
376 61
406 61
450 61
451 61
543 61
166 60
251 60
256 60
258 60
403 60
471 60
108 59
127 59
148 59
322 59
328 59
373 59
465 59
482 59
518 59
112 58
175 58
223 58
230 58
365 58
404 58
427 58
433 58
145 57
193 57
231 57
253 57
313 57
380 57
419 57
157 56
252 56
270 56
352 56
375 56
487 56
517 56
527 56
564 56
109 55
160 55
224 55
234 55
273 55
338 55
414 55
440 55
446 55
538 55
548 55
569 55
106 54
144 54
150 54
151 54
156 54
183 54
208 54
214 54
305 54
343 54
383 54
424 54
463 54
468 54
558 54
171 53
192 53
221 53
267 53
504 53
510 53
525 53
562 53
578 53
125 52
275 52
312 52
326 52
358 52
420 52
443 52
469 52
557 52
566 52
574 52
114 51
116 51
134 51
147 51
177 51
211 51
216 51
233 51
246 51
249 51
274 51
337 51
351 51
371 51
428 51
460 51
546 51
131 50
155 50
173 50
307 50
334 50
347 50
362 50
369 50
401 50
434 50
473 50
488 50
550 50
559 50
579 50
168 49
239 49
277 49
317 49
323 49
332 49
341 49
360 49
435 49
457 49
475 49
511 49
526 49
573 49
102 48
121 48
180 48
187 48
205 48
241 48
242 48
325 48
357 48
421 48
426 48
455 48
472 48
474 48
542 48
575 48
118 47
206 47
247 47
248 47
272 47
331 47
339 47
348 47
407 47
409 47
417 47
431 47
436 47
477 47
513 47
563 47
110 46
129 46
136 46
140 46
141 46
170 46
225 46
237 46
245 46
516 46
552 46
581 46
154 45
263 45
268 45
364 45
374 45
378 45
384 45
402 45
444 45
458 45
522 45
529 45
536 45
103 44
304 44
353 44
447 44
485 44
508 44
537 44
544 44
565 44
101 43
143 43
174 43
318 43
367 43
372 43
410 43
445 43
483 43
506 43
520 43
133 42
310 42
329 42
350 42
405 42
449 42
478 42
539 42
549 42
222 41
238 41
240 41
309 41
327 41
480 41
489 41
514 41
161 40
172 40
179 40
412 40
476 40
167 39
188 39
191 39
203 39
207 39
219 39
306 39
345 39
456 39
481 39
545 39
107 38
120 38
153 38
220 38
344 38
377 38
437 38
467 38
484 38
502 38
540 38
547 38
149 37
152 37
229 37
265 37
425 37
429 37
260 36
340 36
509 36
122 35
279 35
363 35
379 35
441 35
521 35
535 35
560 35
163 34
213 34
262 34
381 34
501 34
541 34
346 33
382 33
204 32
226 32
315 32
333 31
448 31
470 31
534 30
243 28
178 27
454 27
577 26
507 25
280 22
Disqualified:
512
385
130
259
515
132
261
135
519
264
138
266
139
523
528
146
530
531
276
532
533
278
408
413
415
416
164
165
422
423
551
169
554
556
430
303
561
308
181
182
311
439
567
186
314
570
316
189
190
319
320
576
324
580
453
330
462
335
209
212
215
218
227
355
228
486
232
105
235
236
111
113
370
117
119
124
126
254
255
137 79
162 73
301 73
466 72
411 71
572 71
366 70
452 69
159 68
442 68
464 68
555 68
176 67
269 67
336 67
418 67
459 67
524 67
368 66
354 65
553 65
104 64
142 64
321 64
356 64
438 64
123 63
158 63
244 63
257 63
342 63
361 63
432 63
461 63
505 63
568 63
571 63
202 62
217 62
250 62
349 62
479 62
503 62
115 61
128 61
184 61
185 61
201 61
210 61
271 61
302 61
359 61
376 61
406 61
450 61
451 61
543 61
166 60
251 60
256 60
258 60
403 60
471 60
108 59
127 59
148 59
322 59
328 59
373 59
465 59
482 59
518 59
112 58
175 58
223 58
230 58
365 58
404 58
427 58
433 58
145 57
193 57
231 57
253 57
313 57
380 57
419 57
157 56
252 56
270 56
352 56
375 56
487 56
517 56
527 56
564 56
109 55
160 55
224 55
234 55
273 55
338 55
414 55
440 55
446 55
538 55
548 55
569 55
106 54
144 54
150 54
151 54
156 54
183 54
208 54
214 54
305 54
343 54
383 54
424 54
463 54
468 54
558 54
171 53
192 53
221 53
267 53
504 53
510 53
525 53
562 53
578 53
125 52
275 52
312 52
326 52
358 52
420 52
443 52
469 52
557 52
566 52
574 52
114 51
116 51
134 51
147 51
177 51
211 51
216 51
233 51
246 51
249 51
274 51
337 51
351 51
371 51
428 51
460 51
546 51
131 50
155 50
173 50
307 50
334 50
347 50
362 50
369 50
401 50
434 50
473 50
488 50
550 50
559 50
579 50
168 49
239 49
277 49
317 49
323 49
332 49
341 49
360 49
435 49
457 49
475 49
511 49
526 49
573 49
102 48
121 48
180 48
187 48
205 48
241 48
242 48
325 48
357 48
421 48
426 48
455 48
472 48
474 48
542 48
575 48
118 47
206 47
247 47
248 47
272 47
331 47
339 47
348 47
407 47
409 47
417 47
431 47
436 47
477 47
513 47
563 47
110 46
129 46
136 46
140 46
141 46
170 46
225 46
237 46
245 46
516 46
552 46
581 46
154 45
263 45
268 45
364 45
374 45
378 45
384 45
402 45
444 45
458 45
522 45
529 45
536 45
103 44
304 44
353 44
447 44
485 44
508 44
537 44
544 44
565 44
101 43
143 43
174 43
318 43
367 43
372 43
410 43
445 43
483 43
506 43
520 43
133 42
310 42
329 42
350 42
405 42
449 42
478 42
539 42
549 42
222 41
238 41
240 41
309 41
327 41
480 41
489 41
514 41
161 40
172 40
179 40
412 40
476 40
167 39
188 39
191 39
203 39
207 39
219 39
306 39
345 39
456 39
481 39
545 39
107 38
120 38
153 38
220 38
344 38
377 38
437 38
467 38
484 38
502 38
540 38
547 38
149 37
152 37
229 37
265 37
425 37
429 37
260 36
340 36
509 36
122 35
279 35
363 35
379 35
441 35
521 35
535 35
560 35
163 34
213 34
262 34
381 34
501 34
541 34
346 33
382 33
204 32
226 32
315 32
333 31
448 31
470 31
534 30
243 28
178 27
454 27
577 26
507 25
280 22
Disqualified:
512
385
130
259
515
132
261
135
519
264
138
266
139
523
528
146
530
531
276
532
533
278
408
413
415
416
164
165
422
423
551
169
554
556
430
303
561
308
181
182
311
439
567
186
314
570
316
189
190
319
320
576
324
580
453
330
462
335
209
212
215
218
227
355
228
486
232
105
235
236
111
113
370
117
119
124
126
254
255
137 158
162 146
159 136
176 134
269 134
104 128
142 128
123 126
158 126
244 126
257 126
202 124
217 124
250 124
115 122
128 122
184 122
185 122
201 122
210 122
271 122
166 120
251 120
256 120
258 120
108 118
127 118
148 118
112 116
175 116
223 116
230 116
145 114
193 114
231 114
253 114
157 112
252 112
270 112
301 111
109 110
160 110
224 110
234 110
273 110
106 108
144 108
150 108
151 108
156 108
183 108
208 108
214 108
171 106
192 106
221 106
267 106
125 104
275 104
366 104
114 102
116 102
134 102
147 102
177 102
211 102
216 102
233 102
246 102
249 102
274 102
336 101
354 101
131 100
155 100
173 100
356 100
368 99
168 98
239 98
277 98
342 98
361 98
321 97
102 96
121 96
180 96
187 96
205 96
241 96
242 96
302 95
359 95
118 94
206 94
247 94
248 94
272 94
328 94
110 92
129 92
136 92
140 92
141 92
170 92
225 92
237 92
245 92
154 90
263 90
268 90
322 90
349 90
373 90
103 88
313 87
338 87
101 86
143 86
174 86
133 84
365 84
371 84
376 83
222 82
238 82
240 82
161 80
172 80
179 80
317 80
326 80
357 80
380 80
351 79
369 79
167 78
188 78
191 78
203 78
207 78
219 78
312 78
323 78
347 78
352 78
362 77
107 76
120 76
153 76
220 76
383 76
305 75
348 75
358 75
149 74
152 74
229 74
265 74
307 74
332 74
343 74
375 74
260 72
337 72
466 72
411 71
572 71
122 70
279 70
339 70
341 70
360 70
384 69
452 69
163 68
213 68
262 68
327 68
442 68
464 68
555 68
372 67
418 67
459 67
524 67
318 66
364 66
378 66
304 65
334 65
350 65
553 65
204 64
226 64
344 64
353 64
374 64
438 64
325 63
432 63
461 63
505 63
568 63
571 63
306 62
309 62
479 62
503 62
331 61
367 61
406 61
450 61
451 61
543 61
403 60
471 60
329 59
345 59
465 59
482 59
518 59
404 58
427 58
433 58
419 57
243 56
487 56
517 56
527 56
564 56
310 55
379 55
414 55
440 55
446 55
538 55
548 55
569 55
178 54
363 54
382 54
424 54
463 54
468 54
558 54
346 53
504 53
510 53
525 53
562 53
578 53
381 52
420 52
443 52
469 52
557 52
566 52
574 52
333 51
340 51
428 51
460 51
546 51
377 50
401 50
434 50
473 50
488 50
550 50
559 50
579 50
435 49
457 49
475 49
511 49
526 49
573 49
421 48
426 48
455 48
472 48
474 48
542 48
575 48
407 47
409 47
417 47
431 47
436 47
477 47
513 47
563 47
516 46
552 46
581 46
402 45
444 45
458 45
522 45
529 45
536 45
280 44
315 44
447 44
485 44
508 44
537 44
544 44
565 44
410 43
445 43
483 43
506 43
520 43
405 42
449 42
478 42
539 42
549 42
480 41
489 41
514 41
412 40
476 40
456 39
481 39
545 39
437 38
467 38
484 38
502 38
540 38
547 38
425 37
429 37
509 36
441 35
521 35
535 35
560 35
501 34
541 34
448 31
470 31
534 30
454 27
577 26
507 25
Disqualified:
137 79
162 73
301 73
466 72
411 71
572 71
366 70
452 69
159 68
442 68
464 68
555 68
176 67
269 67
336 67
418 67
459 67
524 67
368 66
354 65
553 65
104 64
142 64
321 64
356 64
438 64
123 63
158 63
244 63
257 63
342 63
361 63
432 63
461 63
505 63
568 63
571 63
202 62
217 62
250 62
349 62
479 62
503 62
115 61
128 61
184 61
185 61
201 61
210 61
271 61
302 61
359 61
376 61
406 61
450 61
451 61
543 61
166 60
251 60
256 60
258 60
403 60
471 60
108 59
127 59
148 59
322 59
328 59
373 59
465 59
482 59
518 59
112 58
175 58
223 58
230 58
365 58
404 58
427 58
433 58
145 57
193 57
231 57
253 57
313 57
380 57
419 57
157 56
252 56
270 56
352 56
375 56
487 56
517 56
527 56
564 56
109 55
160 55
224 55
234 55
273 55
338 55
414 55
440 55
446 55
538 55
548 55
569 55
106 54
144 54
150 54
151 54
156 54
183 54
208 54
214 54
305 54
343 54
383 54
424 54
463 54
468 54
558 54
171 53
192 53
221 53
267 53
504 53
510 53
525 53
562 53
578 53
125 52
275 52
312 52
326 52
358 52
420 52
443 52
469 52
557 52
566 52
574 52
114 51
116 51
134 51
147 51
177 51
211 51
216 51
233 51
246 51
249 51
274 51
337 51
351 51
371 51
428 51
460 51
546 51
131 50
155 50
173 50
307 50
334 50
347 50
362 50
369 50
401 50
434 50
473 50
488 50
550 50
559 50
579 50
168 49
239 49
277 49
317 49
323 49
332 49
341 49
360 49
435 49
457 49
475 49
511 49
526 49
573 49
102 48
121 48
180 48
187 48
205 48
241 48
242 48
325 48
357 48
421 48
426 48
455 48
472 48
474 48
542 48
575 48
118 47
206 47
247 47
248 47
272 47
331 47
339 47
348 47
407 47
409 47
417 47
431 47
436 47
477 47
513 47
563 47
110 46
129 46
136 46
140 46
141 46
170 46
225 46
237 46
245 46
516 46
552 46
581 46
154 45
263 45
268 45
364 45
374 45
378 45
384 45
402 45
444 45
458 45
522 45
529 45
536 45
103 44
304 44
353 44
447 44
485 44
508 44
537 44
544 44
565 44
101 43
143 43
174 43
318 43
367 43
372 43
410 43
445 43
483 43
506 43
520 43
133 42
310 42
329 42
350 42
405 42
449 42
478 42
539 42
549 42
222 41
238 41
240 41
309 41
327 41
480 41
489 41
514 41
161 40
172 40
179 40
412 40
476 40
167 39
188 39
191 39
203 39
207 39
219 39
306 39
345 39
456 39
481 39
545 39
107 38
120 38
153 38
220 38
344 38
377 38
437 38
467 38
484 38
502 38
540 38
547 38
149 37
152 37
229 37
265 37
425 37
429 37
260 36
340 36
509 36
122 35
279 35
363 35
379 35
441 35
521 35
535 35
560 35
163 34
213 34
262 34
381 34
501 34
541 34
346 33
382 33
204 32
226 32
315 32
333 31
448 31
470 31
534 30
243 28
178 27
454 27
577 26
507 25
280 22
Disqualified:
137 79
162 73
301 73
466 72
411 71
572 71
366 70
452 69
159 68
442 68
464 68
555 68
176 67
269 67
336 67
418 67
459 67
524 67
368 66
354 65
553 65
104 64
142 64
321 64
356 64
438 64
123 63
158 63
244 63
257 63
342 63
361 63
432 63
461 63
505 63
568 63
571 63
202 62
217 62
250 62
349 62
479 62
503 62
115 61
128 61
184 61
185 61
201 61
210 61
271 61
302 61
359 61
376 61
406 61
450 61
451 61
543 61
166 60
251 60
256 60
258 60
403 60
471 60
108 59
127 59
148 59
322 59
328 59
373 59
465 59
482 59
518 59
112 58
175 58
223 58
230 58
365 58
404 58
427 58
433 58
145 57
193 57
231 57
253 57
313 57
380 57
419 57
157 56
252 56
270 56
352 56
375 56
487 56
517 56
527 56
564 56
109 55
160 55
224 55
234 55
273 55
338 55
414 55
440 55
446 55
538 55
548 55
569 55
106 54
144 54
150 54
151 54
156 54
183 54
208 54
214 54
305 54
343 54
383 54
424 54
463 54
468 54
558 54
171 53
192 53
221 53
267 53
504 53
510 53
525 53
562 53
578 53
125 52
275 52
312 52
326 52
358 52
420 52
443 52
469 52
557 52
566 52
574 52
114 51
116 51
134 51
147 51
177 51
211 51
216 51
233 51
246 51
249 51
274 51
337 51
351 51
371 51
428 51
460 51
546 51
131 50
155 50
173 50
307 50
334 50
347 50
362 50
369 50
401 50
434 50
473 50
488 50
550 50
559 50
579 50
168 49
239 49
277 49
317 49
323 49
332 49
341 49
360 49
435 49
457 49
475 49
511 49
526 49
573 49
102 48
121 48
180 48
187 48
205 48
241 48
242 48
325 48
357 48
421 48
426 48
455 48
472 48
474 48
542 48
575 48
118 47
206 47
247 47
248 47
272 47
331 47
339 47
348 47
407 47
409 47
417 47
431 47
436 47
477 47
513 47
563 47
110 46
129 46
136 46
140 46
141 46
170 46
225 46
237 46
245 46
516 46
552 46
581 46
154 45
263 45
268 45
364 45
374 45
378 45
384 45
402 45
444 45
458 45
522 45
529 45
536 45
103 44
304 44
353 44
447 44
485 44
508 44
537 44
544 44
565 44
101 43
143 43
174 43
318 43
367 43
372 43
410 43
445 43
483 43
506 43
520 43
133 42
310 42
329 42
350 42
405 42
449 42
478 42
539 42
549 42
222 41
238 41
240 41
309 41
327 41
480 41
489 41
514 41
161 40
172 40
179 40
412 40
476 40
167 39
188 39
191 39
203 39
207 39
219 39
306 39
345 39
456 39
481 39
545 39
107 38
120 38
153 38
220 38
344 38
377 38
437 38
467 38
484 38
502 38
540 38
547 38
149 37
152 37
229 37
265 37
425 37
429 37
260 36
340 36
509 36
122 35
279 35
363 35
379 35
441 35
521 35
535 35
560 35
163 34
213 34
262 34
381 34
501 34
541 34
346 33
382 33
204 32
226 32
315 32
333 31
448 31
470 31
534 30
243 28
178 27
454 27
577 26
507 25
280 22
Disqualified:
137 79
162 73
301 73
466 72
411 71
572 71
366 70
452 69
159 68
442 68
464 68
555 68
176 67
269 67
336 67
418 67
459 67
524 67
368 66
354 65
553 65
104 64
142 64
321 64
356 64
438 64
123 63
158 63
244 63
257 63
342 63
361 63
432 63
461 63
505 63
568 63
571 63
202 62
217 62
250 62
349 62
479 62
503 62
115 61
128 61
184 61
185 61
201 61
210 61
271 61
302 61
359 61
376 61
406 61
450 61
451 61
543 61
166 60
251 60
256 60
258 60
403 60
471 60
108 59
127 59
148 59
322 59
328 59
373 59
465 59
482 59
518 59
112 58
175 58
223 58
230 58
365 58
404 58
427 58
433 58
145 57
193 57
231 57
253 57
313 57
380 57
419 57
157 56
252 56
270 56
352 56
375 56
487 56
517 56
527 56
564 56
109 55
160 55
224 55
234 55
273 55
338 55
414 55
440 55
446 55
538 55
548 55
569 55
106 54
144 54
150 54
151 54
156 54
183 54
208 54
214 54
305 54
343 54
383 54
424 54
463 54
468 54
558 54
171 53
192 53
221 53
267 53
504 53
510 53
525 53
562 53
578 53
125 52
275 52
312 52
326 52
358 52
420 52
443 52
469 52
557 52
566 52
574 52
114 51
116 51
134 51
147 51
177 51
211 51
216 51
233 51
246 51
249 51
274 51
337 51
351 51
371 51
428 51
460 51
546 51
131 50
155 50
173 50
307 50
334 50
347 50
362 50
369 50
401 50
434 50
473 50
488 50
550 50
559 50
579 50
168 49
239 49
277 49
317 49
323 49
332 49
341 49
360 49
435 49
457 49
475 49
511 49
526 49
573 49
102 48
121 48
180 48
187 48
205 48
241 48
242 48
325 48
357 48
421 48
426 48
455 48
472 48
474 48
542 48
575 48
118 47
206 47
247 47
248 47
272 47
331 47
339 47
348 47
407 47
409 47
417 47
431 47
436 47
477 47
513 47
563 47
110 46
129 46
136 46
140 46
141 46
170 46
225 46
237 46
245 46
516 46
552 46
581 46
154 45
263 45
268 45
364 45
374 45
378 45
384 45
402 45
444 45
458 45
522 45
529 45
536 45
103 44
304 44
353 44
447 44
485 44
508 44
537 44
544 44
565 44
101 43
143 43
174 43
318 43
367 43
372 43
410 43
445 43
483 43
506 43
520 43
133 42
310 42
329 42
350 42
405 42
449 42
478 42
539 42
549 42
222 41
238 41
240 41
309 41
327 41
480 41
489 41
514 41
161 40
172 40
179 40
412 40
476 40
167 39
188 39
191 39
203 39
207 39
219 39
306 39
345 39
456 39
481 39
545 39
107 38
120 38
153 38
220 38
344 38
377 38
437 38
467 38
484 38
502 38
540 38
547 38
149 37
152 37
229 37
265 37
425 37
429 37
260 36
340 36
509 36
122 35
279 35
363 35
379 35
441 35
521 35
535 35
560 35
163 34
213 34
262 34
381 34
501 34
541 34
346 33
382 33
204 32
226 32
315 32
333 31
448 31
470 31
534 30
243 28
178 27
454 27
577 26
507 25
280 22
Disqualified:
137 79
162 73
301 73
466 72
411 71
572 71
366 70
452 69
159 68
442 68
464 68
555 68
176 67
269 67
336 67
418 67
459 67
524 67
368 66
354 65
553 65
104 64
142 64
321 64
356 64
438 64
123 63
158 63
244 63
257 63
342 63
361 63
432 63
461 63
505 63
568 63
571 63
202 62
217 62
250 62
349 62
479 62
503 62
115 61
128 61
184 61
185 61
201 61
210 61
271 61
302 61
359 61
376 61
406 61
450 61
451 61
543 61
166 60
251 60
256 60
258 60
403 60
471 60
108 59
127 59
148 59
322 59
328 59
373 59
465 59
482 59
518 59
112 58
175 58
223 58
230 58
365 58
404 58
427 58
433 58
145 57
193 57
231 57
253 57
313 57
380 57
419 57
157 56
252 56
270 56
352 56
375 56
487 56
517 56
527 56
564 56
109 55
160 55
224 55
234 55
273 55
338 55
414 55
440 55
446 55
538 55
548 55
569 55
106 54
144 54
150 54
151 54
156 54
183 54
208 54
214 54
305 54
343 54
383 54
424 54
463 54
468 54
558 54
171 53
192 53
221 53
267 53
504 53
510 53
525 53
562 53
578 53
125 52
275 52
312 52
326 52
358 52
420 52
443 52
469 52
557 52
566 52
574 52
114 51
116 51
134 51
147 51
177 51
211 51
216 51
233 51
246 51
249 51
274 51
337 51
351 51
371 51
428 51
460 51
546 51
131 50
155 50
173 50
307 50
334 50
347 50
362 50
369 50
401 50
434 50
473 50
488 50
550 50
559 50
579 50
168 49
239 49
277 49
317 49
323 49
332 49
341 49
360 49
435 49
457 49
475 49
511 49
526 49
573 49
102 48
121 48
180 48
187 48
205 48
241 48
242 48
325 48
357 48
421 48
426 48
455 48
472 48
474 48
542 48
575 48
118 47
206 47
247 47
248 47
272 47
331 47
339 47
348 47
407 47
409 47
417 47
431 47
436 47
477 47
513 47
563 47
110 46
129 46
136 46
140 46
141 46
170 46
225 46
237 46
245 46
516 46
552 46
581 46
154 45
263 45
268 45
364 45
374 45
378 45
384 45
402 45
444 45
458 45
522 45
529 45
536 45
103 44
304 44
353 44
447 44
485 44
508 44
537 44
544 44
565 44
101 43
143 43
174 43
318 43
367 43
372 43
410 43
445 43
483 43
506 43
520 43
133 42
310 42
329 42
350 42
405 42
449 42
478 42
539 42
549 42
222 41
238 41
240 41
309 41
327 41
480 41
489 41
514 41
161 40
172 40
179 40
412 40
476 40
167 39
188 39
191 39
203 39
207 39
219 39
306 39
345 39
456 39
481 39
545 39
107 38
120 38
153 38
220 38
344 38
377 38
437 38
467 38
484 38
502 38
540 38
547 38
149 37
152 37
229 37
265 37
425 37
429 37
260 36
340 36
509 36
122 35
279 35
363 35
379 35
441 35
521 35
535 35
560 35
163 34
213 34
262 34
381 34
501 34
541 34
346 33
382 33
204 32
226 32
315 32
333 31
448 31
470 31
534 30
243 28
178 27
454 27
577 26
507 25
280 22
Disqualified:
137 79
162 73
301 73
466 72
411 71
572 71
366 70
452 69
159 68
442 68
464 68
555 68
176 67
269 67
336 67
418 67
459 67
524 67
368 66
354 65
553 65
104 64
142 64
321 64
356 64
438 64
123 63
158 63
244 63
257 63
342 63
361 63
432 63
461 63
505 63
568 63
571 63
202 62
217 62
250 62
349 62
479 62
503 62
115 61
128 61
184 61
185 61
201 61
210 61
271 61
302 61
359 61
376 61
406 61
450 61
451 61
543 61
166 60
251 60
256 60
258 60
403 60
471 60
108 59
127 59
148 59
322 59
328 59
373 59
465 59
482 59
518 59
112 58
175 58
223 58
230 58
365 58
404 58
427 58
433 58
145 57
193 57
231 57
253 57
313 57
380 57
419 57
157 56
252 56
270 56
352 56
375 56
487 56
517 56
527 56
564 56
109 55
160 55
224 55
234 55
273 55
338 55
414 55
440 55
446 55
538 55
548 55
569 55
106 54
144 54
150 54
151 54
156 54
183 54
208 54
214 54
305 54
343 54
383 54
424 54
463 54
468 54
558 54
171 53
192 53
221 53
267 53
504 53
510 53
525 53
562 53
578 53
125 52
275 52
312 52
326 52
358 52
420 52
443 52
469 52
557 52
566 52
574 52
114 51
116 51
134 51
147 51
177 51
211 51
216 51
233 51
246 51
249 51
274 51
337 51
351 51
371 51
428 51
460 51
546 51
131 50
155 50
173 50
307 50
334 50
347 50
362 50
369 50
401 50
434 50
473 50
488 50
550 50
559 50
579 50
168 49
239 49
277 49
317 49
323 49
332 49
341 49
360 49
435 49
457 49
475 49
511 49
526 49
573 49
102 48
121 48
180 48
187 48
205 48
241 48
242 48
325 48
357 48
421 48
426 48
455 48
472 48
474 48
542 48
575 48
118 47
206 47
247 47
248 47
272 47
331 47
339 47
348 47
407 47
409 47
417 47
431 47
436 47
477 47
513 47
563 47
110 46
129 46
136 46
140 46
141 46
170 46
225 46
237 46
245 46
516 46
552 46
581 46
154 45
263 45
268 45
364 45
374 45
378 45
384 45
402 45
444 45
458 45
522 45
529 45
536 45
103 44
304 44
353 44
447 44
485 44
508 44
537 44
544 44
565 44
101 43
143 43
174 43
318 43
367 43
372 43
410 43
445 43
483 43
506 43
520 43
133 42
310 42
329 42
350 42
405 42
449 42
478 42
539 42
549 42
222 41
238 41
240 41
309 41
327 41
480 41
489 41
514 41
161 40
172 40
179 40
412 40
476 40
167 39
188 39
191 39
203 39
207 39
219 39
306 39
345 39
456 39
481 39
545 39
107 38
120 38
153 38
220 38
344 38
377 38
437 38
467 38
484 38
502 38
540 38
547 38
149 37
152 37
229 37
265 37
425 37
429 37
260 36
340 36
509 36
122 35
279 35
363 35
379 35
441 35
521 35
535 35
560 35
163 34
213 34
262 34
381 34
501 34
541 34
346 33
382 33
204 32
226 32
315 32
333 31
448 31
470 31
534 30
243 28
178 27
454 27
577 26
507 25
280 22
Disqualified:
