301 8
302 10
303 4
304 7
305 8
306 2
307 4
308 9
309 4
310 0
311 4
312 1
313 6
314 10
315 1
316 7
317 4
318 9
319 8
320 3
321 7
322 5
323 9
324 10
325 2
326 6
327 6
328 7
329 3
330 4
331 0
332 7
333 9
334 7
335 9
336 9
337 6
338 9
339 8
340 0
341 0
342 10
343 8
344 8
345 2
346 0
347 8
348 8
349 8
350 8
351 7
352 0
353 1
354 10
355 2
356 7
357 9
358 4
359 10
360 0
361 6
362 10
363 5
364 6
365 8
366 8
367 5
368 9
369 9
370 6
371 10
372 1
373 7
374 8
375 7
376 0
377 2
378 9
379 0
380 0
381 1
382 7
383 5
384 7
385 3