401 10
402 8
403 10
404 5
405 1
406 2
407 2
408 0
409 7
410 5
411 10
412 1
413 6
414 6
415 -1
416 2
417 3
418 4
419 4
420 9
421 8
422 10
423 2
424 3
425 3
426 9
427 1
428 4
429 4
430 5
431 4
432 8
433 8
434 6
435 8
436 8
437 1
438 9
439 2
440 8
441 2
442 5
443 8
444 4
445 6
446 8
447 0
448 0
449 4
450 3
451 9
452 9
453 8
454 3
455 3
456 1
457 1
458 3
459 1
460 7
461 4
462 3
463 8
464 9
465 10
466 2
467 6
468 6
469 1
470 3
471 9
472 0
473 7
474 4
475 5
476 5
477 8
478 5
479 8
480 9
481 7
482 9
483 10
484 0
485 1
486 0
487 0
488 5
489 7