401 7
402 0
403 6
404 0
405 7
406 10
407 3
408 9
409 6
410 5
411 6
412 7
413 9
414 8
415 5
416 -1
417 0
418 9
419 10
420 2
421 3
422 9
423 1
424 4
425 1
426 2
427 6
428 1
429 10
430 0
431 10
432 9
433 5
434 7
435 0
436 2
437 5
438 1
439 -1
440 1
441 8
442 10
443 7
444 7
445 2
446 3
447 6
448 1
449 3
450 10
451 9
452 8
453 1
454 3
455 2
456 4
457 7
458 4
459 9
460 10
461 6
462 10
463 3
464 3
465 10
466 9
467 8
468 3
469 9
470 5
471 6
472 6
473 4
474 7
475 1
476 0
477 2
478 10
479 6
480 9
481 3
482 1
483 1
484 3
485 10
486 6
487 2
488 2
489 1